RT60 data saved by REW V5.15
Source: D:\Documents\Workspace\Laboratories\AA\Project\Recordings\Z1M1.wav
Dated: Mar 29, 2016 3:20:43 PM
Measurement: Z1M1
Sweep level: -12.0 dBFS
Response measured over: 2.0 to 24,000.0 Hz
Peak value: 0.8962370753288269 at index 116316
Response length: 262144 samples
Sample interval: 2.0833333333333333E-5 seconds
Start time: -2.42325 seconds

Format is freq Hz, BW octaves, EDT s, r, T20 s, r, T30 s, r, Topt s, r, ToptStart dB, ToptEnd dB, reverse/forward filtered

Octave filtered data
63.0 1/1 0.7467288227634336 -0.9676778541315519 9.425980704150506 -0.8945388409447991 8.712224302403973 -0.9347889505883441 12.213452930654038 -0.9724379764619496 -13 -26 Forward
125.0 1/1 0.7808372213042725 -0.9947555775805464 1.0254166886792557 -0.9921621071716773 1.1376631832706794 -0.9947554733390551 1.0661954832040021 -0.9957052469351901 -5 -31 Forward
250.0 1/1 0.8010522591557042 -0.9943132160616505 0.8620884020255292 -0.9964865998549279 0.9446907233113198 -0.9968221802481183 0.9525591216955885 -0.9974212456744721 -5 -37 Forward
500.0 1/1 0.6257385478624784 -0.9911380292947642 0.9136647555079823 -0.998787517206647 0.9236077945621376 -0.9993185067940245 0.9529963696933641 -0.9996460543287308 -5 -53 Forward
1000.0 1/1 0.5669210324182895 -0.972557171491679 0.8785855092118222 -0.9977222233016708 0.9190969839250155 -0.9983275624751115 0.9346398545530471 -0.9994857150804978 -5 -54 Forward
2000.0 1/1 0.39709592328994076 -0.9798255408574442 0.7777138781499848 -0.9984736189104331 0.8076186845652361 -0.9987453326698036 0.8419720516408273 -0.9991207669015588 -9 -46 Forward
4000.0 1/1 0.30547325636625555 -0.9665043150975808 0.6028074871331753 -0.9985952428346065 0.6302105805898905 -0.9987292723470499 0.6166558155790035 -0.9992230223084938 -10 -31 Forward
8000.0 1/1 0.25936445433579197 -0.9544712926811341 0.4484400383858427 -0.9959061510427277 0.4311931787880999 -0.9984271626962562 0.43643610681049827 -0.9989653310377059 -5 -40 Forward

One-third octave filtered data
63.0 1/3 1.0394766316542767 -0.9812955503449645 6.107196148402463 -0.8431841984112507 8.137461782373167 -0.8811223373753351 15.31305870173106 -0.9664561351893416 -16 -28 Forward
80.0 1/3 0.7416001847200516 -0.9761905485736015 1.1228933909517311 -0.9895107931676601 1.281019103937325 -0.9842402204316348 1.1228933909517311 -0.9895107931676601 -5 -25 Forward
100.0 1/3 0.5373356447684547 -0.8879885639039204 1.0497999284854544 -0.9824556783862003 1.4045590393082776 -0.9824003634197408 1.6361228975688011 -0.9909517947570328 -14 -36 Forward
125.0 1/3 0.7452889753676913 -0.923711765286679 1.0498627028616156 -0.9851956926620827 1.2040037128885515 -0.9905816843689285 1.2570984483026044 -0.9912974205637519 -5 -36 Forward
160.0 1/3 0.9493861935958305 -0.9921672726158597 1.090124245822718 -0.9920870276294487 1.0648415352200014 -0.9952769999803446 1.034207732473022 -0.9958320943317832 -5 -33 Forward
200.0 1/3 1.0221244222714292 -0.9854694338492969 1.0404012876770967 -0.9861949878127795 1.0838632568598332 -0.9944057062908421 1.0573088025561161 -0.9944802160528771 -5 -34 Forward
250.0 1/3 0.8128717971417886 -0.9877150748284849 0.8359997502181911 -0.9906972825065412 0.9115268380030145 -0.9943296494661197 0.9211431148376938 -0.9954377491757519 -5 -38 Forward
315.0 1/3 0.7350768288512465 -0.9736388847206029 0.8616577507714265 -0.9942339214766636 0.9354826507290316 -0.9948266040367234 0.9894640810017798 -0.9972348073984895 -5 -48 Forward
400.0 1/3 0.5721375511814071 -0.9778946871725082 1.0110304880695486 -0.9944638648267534 0.9131402164891141 -0.9959923909855435 0.9131402164891141 -0.9959923909855435 -5 -35 Forward
500.0 1/3 0.6404294632832529 -0.9846723819152855 0.8848690743872171 -0.9954923720563237 0.9310543246733486 -0.9977858142856619 0.9292342851934817 -0.9981536801008423 -5 -38 Forward
630.0 1/3 0.7616870583478679 -0.9649463496256938 0.8374373237323941 -0.9953735547211304 0.9198111340226136 -0.9954697732837372 0.939279410107876 -0.9985166250162267 -5 -50 Forward
800.0 1/3 0.6212793431351041 -0.9633152040208737 0.9647996791058779 -0.9947855073915195 0.9843638419011579 -0.9976404762248781 0.9565146297709661 -0.999010944741336 -5 -49 Forward
1000.0 1/3 0.5054191355481278 -0.9773101876286606 0.8352255095673304 -0.9964230474309393 0.8581061459773627 -0.9971336208210909 0.8672712293083809 -0.9979225952789305 -5 -39 Forward
1250.0 1/3 0.4473688598788532 -0.9775527430118341 0.753563648134688 -0.9970224175618527 0.8302654858311325 -0.9952428606214349 0.7438795373044893 -0.9979706604379541 -5 -28 Forward
1600.0 1/3 0.4890151219657243 -0.9794030975476615 0.7785852911268754 -0.998166392293356 0.8033196685506385 -0.9991566309744648 0.8157173592250766 -0.9994283687289125 -5 -43 Forward
2000.0 1/3 0.36889710149418936 -0.9673916355729962 0.8111161758878519 -0.9953558673708699 0.8279247970745582 -0.9976431066671875 0.8667024003216612 -0.9993200639338226 -9 -56 Forward
2500.0 1/3 0.36148076835031695 -0.9763149975066229 0.7278382653302329 -0.9987122017251561 0.7807420172680327 -0.9978423169565045 0.7230146752583142 -0.9988942936817701 -9 -27 Forward
3150.0 1/3 0.3292692958395934 -0.9753207102352078 0.6499431508389711 -0.9967483355489383 0.6797251141583674 -0.9983237366261827 0.6973257131732354 -0.9987653320057309 -9 -36 Forward
4000.0 1/3 0.3081651964648697 -0.9619129547333385 0.5684956109116917 -0.997076549397239 0.5698161344152464 -0.9990431301005473 0.5740336111993296 -0.9991218788150459 -5 -37 Forward
5000.0 1/3 0.27229591154904087 -0.9528586660721494 0.5204125684088767 -0.9956632613584252 0.5183153415457384 -0.9984014131081913 0.5309423572257873 -0.998870922759633 -5 -42 Forward
6300.0 1/3 0.25397817848918797 -0.9345267625455923 0.49650394813367027 -0.9956098854534531 0.4542987059104396 -0.9974965390016334 0.4584679275255327 -0.99852848470822 -5 -41 Forward
8000.0 1/3 0.2810571174256206 -0.9647068627528853 0.41010294173187234 -0.9956481977007046 0.3924587707175489 -0.9982937351170404 0.4078571316206595 -0.9992191692875265 -5 -51 Forward
10000.0 1/3 0.2640815037840485 -0.9524924734168082 0.3728455057188375 -0.9930078817503396 0.35678240462403604 -0.9974202906858184 0.3655643769138028 -0.999094834589002 -5 -60 Forward

