RT60 data saved by REW V5.15
Source: D:\Documents\Workspace\Laboratories\AA\Project\Recordings\Z1M2.wav
Dated: Mar 29, 2016 3:28:39 PM
Measurement: Z1M2
Sweep level: -12.0 dBFS
Response measured over: 2.0 to 24,000.0 Hz
Peak value: 0.8962065577507019 at index 252922
Response length: 524288 samples
Sample interval: 2.0833333333333333E-5 seconds
Start time: -5.269208333333333 seconds

Format is freq Hz, BW octaves, EDT s, r, T20 s, r, T30 s, r, Topt s, r, ToptStart dB, ToptEnd dB, reverse/forward filtered

Octave filtered data
63.0 1/1 0.7604217067061388 -0.9801740068738645 1.377775279873617 -0.9900727480233704 NaN NaN 1.3574899509054932 -0.9929902367867156 -5 -30 Forward
125.0 1/1 0.6752905271039432 -0.9863355941325356 0.9960197564823627 -0.9960973665542394 1.0232351899968002 -0.9983655855203517 1.0266642746559842 -0.9986592112561956 -5 -42 Forward
250.0 1/1 0.7420529433058202 -0.9932159607119231 0.9532165711243007 -0.9880404544534765 0.9882659320189794 -0.9954772198171417 0.9974671141663759 -0.997642028705022 -5 -41 Forward
500.0 1/1 0.45345785792627485 -0.9916422311765801 0.7743107812699134 -0.9938302201146222 0.8740436927192975 -0.9952901393408186 0.9607654397591945 -0.9978025809470099 -5 -55 Forward
1000.0 1/1 0.4091098054598419 -0.9789282888102738 0.7618485534058358 -0.9933947718707788 0.8350073545727074 -0.9964324287044336 0.9333896395325486 -0.9988522207961132 -10 -57 Forward
2000.0 1/1 0.343352774767959 -0.9719761257254863 0.7331639294050154 -0.9967999406435436 0.7942041910604847 -0.9976473888741564 0.8338480102422494 -0.9987253358792817 -9 -47 Forward
4000.0 1/1 0.35944602365167744 -0.9842658152779937 0.6198559648581344 -0.9967042173254234 0.6479768947968134 -0.9983444421201264 0.6420647014238262 -0.9984618206832784 -5 -34 Forward
8000.0 1/1 0.2257559583950401 -0.9655756146080748 0.42481697872415175 -0.9892540721854024 0.4304654644336834 -0.9971857790168688 0.45965803191591886 -0.9976611699950306 -5 -45 Forward

One-third octave filtered data
63.0 1/3 0.9585434957519535 -0.921315422873002 1.4890038522158993 -0.9852903824760919 1.4139819179393314 -0.993390187043813 1.422528689153331 -0.9941013428639885 -5 -39 Forward
80.0 1/3 0.6961040286213271 -0.9634708604539702 1.5478929648310646 -0.9628535760910545 1.7193847295092688 -0.9839500795840405 1.9262430364490641 -0.9942058596557399 -13 -39 Forward
100.0 1/3 0.6065164425976712 -0.9577143617270487 0.9208011719638577 -0.9866768214822408 1.0885775039781598 -0.9875300574994375 1.0650415154076567 -0.9957355512105716 -5 -50 Forward
125.0 1/3 0.7092097929808955 -0.971163086350657 0.8622312789161815 -0.9846160725171479 0.9198090493372201 -0.9940552086430161 0.9198090493372201 -0.9940552086430161 -5 -35 Forward
160.0 1/3 0.8040683520305858 -0.9885185091798393 1.027331539462614 -0.9960768805761979 1.0264810357408667 -0.9982176798987579 1.0227388723428275 -0.9989394395297568 -5 -46 Forward
200.0 1/3 0.8200630666639416 -0.9889342589323711 1.2688823388826678 -0.9567006248803571 1.1328381460085448 -0.9869766725733611 1.1594097182492042 -0.9932884418819092 -5 -43 Forward
250.0 1/3 0.8003154348898084 -0.9773674031813946 0.8809870224120739 -0.9838140711405156 0.9897648049328974 -0.9888757543268026 0.9965896328168437 -0.9936539813615431 -5 -40 Forward
315.0 1/3 0.7025087789815059 -0.9920059487786831 0.9093892267928767 -0.9932147433601051 0.9378687183572502 -0.9974528591153979 0.9281881647139243 -0.9987080167365718 -5 -44 Forward
400.0 1/3 0.45183701834908646 -0.970132013848928 0.769393257453365 -0.9965074113155206 0.8499551231259989 -0.9960926629597956 0.8058742562709728 -0.9976687786391621 -5 -32 Forward
500.0 1/3 0.45410635759920326 -0.9795056301961702 0.8424249616107763 -0.9926818823024671 0.9123146121089235 -0.9966222077624562 0.9479296118177715 -0.9988340169538444 -11 -46 Forward
630.0 1/3 0.47083824355193155 -0.9790988616270914 0.6997118324333323 -0.9886364765058822 0.77063648061311 -0.9935692558220662 0.8936452904286146 -0.9945332287375279 -5 -50 Forward
800.0 1/3 0.3358954154638147 -0.978478127700102 0.8007667275380863 -0.9859795236550745 0.8530931475406135 -0.9947244176795182 0.933461647294078 -0.9986548874335329 -10 -59 Forward
1000.0 1/3 0.5442395397132799 -0.9774221976523274 0.7390901648615863 -0.9924613814236373 0.8468966054974939 -0.9941560012724443 0.9350602117797986 -0.9980934414235508 -5 -59 Forward
1250.0 1/3 0.43836542444409404 -0.9655778965276411 0.7752646226585574 -0.9949638549036729 0.8477324774201291 -0.9965178453168306 0.8794541785066368 -0.9988893367819676 -5 -54 Forward
1600.0 1/3 0.2920441186096751 -0.9545482949031919 0.7279460538262312 -0.9936561471425954 0.8323818614580678 -0.9950747929222915 0.9303113595862295 -0.9982536981250726 -10 -58 Forward
2000.0 1/3 0.3749948499730517 -0.9728888999392487 0.713711162585534 -0.9931726018033937 0.768962241100714 -0.9966776245693804 0.8003947797473321 -0.9987755627956091 -9 -47 Forward
2500.0 1/3 0.4926544292337016 -0.9521716392596787 0.7734979331408334 -0.9970517952307867 0.7771697983876753 -0.9987175153329976 0.8009522910114754 -0.9989906590701231 -5 -43 Forward
3150.0 1/3 0.3795410954816064 -0.9798168067002845 0.6573291016301986 -0.9940483250353604 0.6938117635359891 -0.996786464738594 0.7434837751105671 -0.9974244709561452 -5 -46 Forward
4000.0 1/3 0.3987886113799013 -0.974088440256399 0.5583738009385438 -0.9974796394073718 0.5816057905163969 -0.9987731134439894 0.5840314631401675 -0.9990510004521178 -5 -38 Forward
5000.0 1/3 0.3061162512633603 -0.9844302331723853 0.51132082553727 -0.9960796948579818 0.5438188663798867 -0.9980022123506863 0.5517253856102398 -0.9988171667520467 -5 -42 Forward
6300.0 1/3 0.31645467682183587 -0.9814047399536883 0.4750560987504062 -0.994267213453059 0.4685423272975727 -0.998244946236245 0.4777351347906719 -0.9987603597001684 -5 -41 Forward
8000.0 1/3 0.20308808357166844 -0.9252981237467118 0.3949834838233615 -0.9941092468929612 0.3980883749809768 -0.9982223325805227 0.4243447010962501 -0.9987097127344797 -5 -51 Forward
10000.0 1/3 0.20617468646088244 -0.9607437736890868 0.3565366135620651 -0.9781517340282709 0.35124780279206547 -0.992714897134623 0.37021010787651204 -0.9982657442853263 -5 -60 Forward

