RT60 data saved by REW V5.15
Source: D:\Documents\Workspace\Laboratories\AA\Project\Recordings\Z1M3.wav
Dated: Mar 29, 2016 3:34:52 PM
Measurement: Z1M3
Sweep level: -12.0 dBFS
Response measured over: 2.0 to 24,000.0 Hz
Peak value: 0.8961760401725769 at index 91216
Response length: 262144 samples
Sample interval: 2.0833333333333333E-5 seconds
Start time: -1.9003333333333332 seconds

Format is freq Hz, BW octaves, EDT s, r, T20 s, r, T30 s, r, Topt s, r, ToptStart dB, ToptEnd dB, reverse/forward filtered

Octave filtered data
63.0 1/1 2.2639203334875084 -0.9931706169242663 11.15766332078625 -0.9577432322805156 9.884947687107479 -0.9274828881468324 11.741520156027018 -0.9552486294379678 -9 -25 Forward
125.0 1/1 1.7382456856332569 -0.9747891194132634 1.2139200857867594 -0.9939725223534578 NaN NaN 1.2274379441016467 -0.9972399616208837 -5 -32 Forward
250.0 1/1 1.509649899358488 -0.9964086508216783 1.068458103358037 -0.9933480680074269 1.1100223528478015 -0.9967169243656678 1.126424809501374 -0.9971912588804881 -5 -37 Forward
500.0 1/1 0.9615270379725998 -0.989355865401016 0.9120933591619172 -0.9982235327976487 0.9954673404487375 -0.9978639514041099 1.024625409225824 -0.9993853387844885 -5 -60 Forward
1000.0 1/1 1.0252269501119393 -0.9845728779624522 0.8938446359118002 -0.999189807451523 0.9339892303959235 -0.999109933029965 0.9505763889087466 -0.9995870410890267 -5 -49 Forward
2000.0 1/1 0.9095423219422967 -0.991438710543885 0.8633174440374333 -0.999810304604949 0.891542499006658 -0.9992319499383465 0.8612303959168055 -0.9998532461333971 -5 -29 Forward
4000.0 1/1 0.8017815616219274 -0.9950633308826013 0.746980988846832 -0.9996779626087934 0.7881924194018189 -0.9991668868218061 0.746980988846832 -0.9996779626087934 -5 -25 Forward
8000.0 1/1 0.5112616046428357 -0.9779574446404989 0.5376797299215913 -0.998394782012057 0.5524118231328953 -0.9992888495966618 0.554400119835592 -0.9993080221660162 -5 -36 Forward

One-third octave filtered data
63.0 1/3 1.8243234894338933 -0.960299115739743 12.135817628314062 -0.9323957819652633 10.931535449231504 -0.9207189445394454 14.046773374519152 -0.9412010110526494 -11 -25 Forward
80.0 1/3 2.0077458166159476 -0.9813706783663366 4.912391971343364 -0.8679405677211272 8.701809189760407 -0.8540178696199322 17.161579176267452 -0.9706058598460698 -17 -29 Forward
100.0 1/3 1.830842585141441 -0.9786443058002825 1.4393861209631156 -0.9885224079299867 7.305851380033922 -0.79844130544724 20.70719164791073 -0.9220015362731043 -23 -36 Forward
125.0 1/3 1.446804612150967 -0.9783511336029116 1.3480376734251693 -0.9903204973400365 8.838227415455568 -0.7366051833268341 30.171037062496175 -0.7595379177284244 -22 -36 Forward
160.0 1/3 1.9427702128385516 -0.9638572518451175 1.136824281939784 -0.9793500239410514 7.479918069443194 -0.7365061044346197 26.61704042413959 -0.7954651575154228 -25 -39 Forward
200.0 1/3 1.9536403951208878 -0.9942677140502387 1.163690302578361 -0.9742408644282592 1.1802946173139781 -0.9897753598826532 1.144782469171944 -0.9901939832235195 -5 -34 Forward
250.0 1/3 1.7858793869453349 -0.9867633461271668 0.9157215825636299 -0.9859338100679357 1.1663596877137197 -0.9844953362422367 0.9551733910705033 -0.9894808257657273 -5 -27 Forward
315.0 1/3 1.3272511962418407 -0.9941541811431146 0.9834972743281738 -0.9911568393467622 1.0483889584296704 -0.9944859844491902 1.0483889584296704 -0.9944859844491902 -5 -35 Forward
400.0 1/3 0.9196987185504502 -0.9905972334655572 0.9101608758792222 -0.988394610694631 0.9883332327658161 -0.9932801439462978 0.9765101891596427 -0.993531580045127 -5 -37 Forward
500.0 1/3 0.8969978097044558 -0.9647505942440092 0.9341532940175354 -0.9947933839781125 0.9763942957644953 -0.9979252800394548 0.9819587307339176 -0.9985928663444714 -5 -40 Forward
630.0 1/3 1.1274533743184663 -0.9823196549121882 0.9111601633002331 -0.9960248361484229 0.9601329910744038 -0.9967308310688817 0.9814818622157753 -0.9985769193839478 -5 -47 Forward
800.0 1/3 0.9434037888397572 -0.9691636215325289 0.8685336439099272 -0.9956454355166403 0.9394464393249324 -0.9943245410686584 0.9831446030115819 -0.9968768120859766 -5 -45 Forward
1000.0 1/3 0.9688502155645506 -0.9922301909080949 1.000276794639112 -0.998683399514927 0.98333479751792 -0.9993228433399111 0.9775391272501216 -0.9994176558768872 -5 -38 Forward
1250.0 1/3 1.1340115062997078 -0.9855834403867669 0.8729460073859151 -0.998385662630353 0.8985535572413359 -0.9992601098353947 0.8985535572413359 -0.9992601098353947 -5 -35 Forward
1600.0 1/3 0.922762163437224 -0.9745841416635577 0.8766097763224318 -0.9990218877180831 0.8933429867817717 -0.9990745149083089 0.8727593990303372 -0.9995468759250709 -5 -32 Forward
2000.0 1/3 0.8334740385973121 -0.9883749364589857 0.8582201587446567 -0.9990199430401101 0.8799504317853625 -0.9983380951539841 0.8445947654634814 -0.999156311541841 -5 -30 Forward
2500.0 1/3 0.8629667985530014 -0.9849745134794547 0.8670204145571775 -0.9983437825065647 0.90241261799277 -0.9988911218909475 0.9267658548397913 -0.9995304750640087 -5 -54 Forward
3150.0 1/3 0.8113067471184779 -0.9961687006042982 0.7884618399564958 -0.9993475971616116 0.8222650599443884 -0.9992930555180294 0.8022158402952904 -0.9994405939705138 -5 -30 Forward
4000.0 1/3 0.8032105275035585 -0.9835105831261043 0.6854275442801466 -0.9992474219851258 0.707810958557824 -0.9993541148712762 0.6913939825887585 -0.9995338552662318 -5 -30 Forward
5000.0 1/3 0.7846777410082962 -0.9732570862175042 0.628689166340416 -0.9979335628745235 0.6588616804849478 -0.9988008510677828 0.6662976829926598 -0.9991413150241976 -5 -40 Forward
6300.0 1/3 0.5282407760857607 -0.9797941574823656 0.5946949561117386 -0.9961527632998906 0.5885370476872537 -0.9987327111780904 0.5991065045274148 -0.9994169732075154 -5 -48 Forward
8000.0 1/3 0.40239928628922683 -0.9504989779583563 0.4745337759470928 -0.9987177885643791 0.4776338401554182 -0.9994853963610687 0.47879942826170524 -0.9998122363969532 -5 -49 Forward
10000.0 1/3 0.47491869902762623 -0.9853461844594212 0.4036501383508504 -0.9967042989613303 0.40012711351563285 -0.9989202022819819 0.4015551537314378 -0.9992455387490009 -5 -39 Forward

