RT60 data saved by REW V5.15
Source: D:\Documents\Workspace\Laboratories\AA\Project\Recordings\Z1M4.wav
Dated: Mar 29, 2016 3:41:18 PM
Measurement: Z1M4
Sweep level: -12.0 dBFS
Response measured over: 2.0 to 24,000.0 Hz
Peak value: 0.8962675929069519 at index 62208
Response length: 262144 samples
Sample interval: 2.0833333333333333E-5 seconds
Start time: -1.296 seconds

Format is freq Hz, BW octaves, EDT s, r, T20 s, r, T30 s, r, Topt s, r, ToptStart dB, ToptEnd dB, reverse/forward filtered

Octave filtered data
63.0 1/1 13.420684205115418 -0.6007587822925219 0.7688684203170845 -0.9374018390930334 0.551116876252326 -0.9012332604100273 0.7688684203170845 -0.9374018390930334 -5 -25 Forward
125.0 1/1 1.18105451079791 -0.9816636244738739 1.2628601511619704 -0.9918159333361454 1.4259902728371172 -0.9900583565492558 1.2817236240532626 -0.9951859971808761 -5 -30 Forward
250.0 1/1 0.9731193533076796 -0.9852092062890803 1.1319778136256553 -0.9982324828105188 1.3356708984940455 -0.9906255596916927 1.1371184606087996 -0.9988617741413162 -5 -28 Forward
500.0 1/1 0.9683332562164958 -0.9955226943486875 0.9821200422504086 -0.9970191049742556 0.9992205680410395 -0.9988017253614877 1.0339259523533249 -0.9993836182915016 -5 -51 Forward
1000.0 1/1 1.045136570048579 -0.991367265784848 0.8993766345998443 -0.9992014485101784 0.9280236068383475 -0.9994316073170597 0.9566987612353519 -0.9994607428792355 -5 -46 Forward
2000.0 1/1 0.8919578204496175 -0.9977448122908875 0.883316746076555 -0.9993423251132653 0.8988734725990806 -0.9994774115611481 0.8818787511207097 -0.9996077930373081 -5 -30 Forward
4000.0 1/1 0.7509049548112585 -0.9980594457705874 0.7436022926972901 -0.9995918422700586 0.8041239239985115 -0.9984586932777673 0.7436022926972901 -0.9995918422700586 -5 -25 Forward
8000.0 1/1 0.5461965759331325 -0.9853222149586439 0.5196962164952753 -0.9996330198343919 0.5363284665853084 -0.9995966821530166 0.5266210556672193 -0.9997066734290501 -5 -30 Forward

One-third octave filtered data
63.0 1/3 3.1604193113934835 -0.9209446688687043 1.1187481467665952 -0.8957467945714734 0.8098162503254956 -0.9075470237202172 0.8405910782764174 -0.9082670621883675 -5 -31 Forward
80.0 1/3 1.8206905259615296 -0.9885582437402087 2.0587509859374906 -0.9897176873479583 NaN NaN 1.967438655233006 -0.9921781560931353 -5 -29 Forward
100.0 1/3 0.9865254096239546 -0.9278414410870638 1.3473416164455887 -0.9872461762247331 1.5611937901943915 -0.9905461254429607 1.4984474516159212 -0.993650762723214 -5 -41 Forward
125.0 1/3 1.237746190016852 -0.9492461051472492 1.3333616568363988 -0.9755664181483623 1.315177880890277 -0.992234165416676 1.3293018953711513 -0.9926749706652457 -5 -41 Forward
160.0 1/3 1.3140276059579181 -0.9717202749876604 1.2718186500640025 -0.9880280018884204 1.3891809421669743 -0.9857231396060274 1.2397851283990522 -0.9931837756693744 -5 -31 Forward
200.0 1/3 1.3798023538169977 -0.9917915037461799 1.1489881966422295 -0.9926038900789275 1.5294028883458572 -0.9721341725537389 1.1790860345677345 -0.9943181658949921 -5 -27 Forward
250.0 1/3 1.1033551008595488 -0.9628221681813258 1.1551211754607424 -0.995675427384417 1.448503443848824 -0.9877366318881381 1.1551211754607424 -0.995675427384417 -5 -25 Forward
315.0 1/3 0.9719063369602834 -0.9799314561175594 1.06634593715017 -0.9916118464142427 1.096429060354668 -0.9960956736709218 1.0451343103820092 -0.9985803778795485 -5 -55 Forward
400.0 1/3 0.8256682352320854 -0.9901693048361302 1.050322712393742 -0.9945931221788397 1.0426709127538751 -0.9976384978889609 1.0565705163483943 -0.998963349991098 -5 -57 Forward
500.0 1/3 0.9855654178783012 -0.9793801283404354 1.0123335218165717 -0.9912909824843721 1.0093552809639166 -0.9971540316582425 1.1012037425502579 -0.9985473544717842 -5 -60 Forward
630.0 1/3 1.2157632272319618 -0.9967047108179518 0.8876158280701033 -0.9981967671944117 0.9321760695203871 -0.9983999880497809 0.9314765095025628 -0.9993220143719673 -5 -49 Forward
800.0 1/3 1.0178110469655766 -0.9951978191264211 0.8799962032743088 -0.9967226436443298 0.9374671425616572 -0.9977905088525553 0.9628461111410728 -0.998764214872418 -5 -51 Forward
1000.0 1/3 1.094547983727506 -0.9799870584841266 0.9162863056358168 -0.9974754893882327 0.9311668493338299 -0.9991580518077365 0.9535844122181905 -0.9992187255679171 -5 -42 Forward
1250.0 1/3 0.9845231748646235 -0.9942566163063687 0.9357750407205507 -0.9983409854134322 0.9131937785536599 -0.9992858174436591 0.9178581975967837 -0.9995847320113742 -5 -42 Forward
1600.0 1/3 0.9569021643599618 -0.9891940351819548 0.8874779482502324 -0.9967544698520466 0.9243606409740842 -0.9983005855514603 0.9685796423191468 -0.9991138828316225 -5 -55 Forward
2000.0 1/3 0.9128796627081034 -0.9974018511623016 0.8883865015542114 -0.9973509549391268 0.8580961217677296 -0.9988427324288783 0.8631628636648035 -0.9989165246978639 -5 -36 Forward
2500.0 1/3 0.8116435570198203 -0.9967228346916228 0.8512734709187398 -0.9984446088113211 0.8967384329050334 -0.9984093124220363 0.9121855123306171 -0.9991929260032258 -5 -46 Forward
3150.0 1/3 0.7787051671759846 -0.9950643366292136 0.7843649554476361 -0.9989372063494742 0.8391747983589306 -0.998434463305899 0.8100891038273462 -0.999053614807474 -5 -31 Forward
4000.0 1/3 0.7211873088082539 -0.9951745481849164 0.6543749651426104 -0.9991433554575923 0.7089652182539989 -0.9981719579521215 0.6562457757324468 -0.999253894322265 -5 -26 Forward
5000.0 1/3 0.728514481545333 -0.9939344320801669 0.6339396691455127 -0.9992597526704683 0.6841461266857596 -0.9978223027079047 0.6475428131727127 -0.9993671993674613 -5 -30 Forward
6300.0 1/3 0.5958977409551083 -0.9618023897063441 0.5972122996242326 -0.9993409956159712 0.5737625598697504 -0.9994076893107419 0.5745218239883362 -0.9995215522822806 -5 -37 Forward
8000.0 1/3 0.5101146241591028 -0.9806085865078129 0.4603998418569345 -0.9985181074390007 0.46279850730039257 -0.9990483893922033 0.4814370271422524 -0.9993127645125137 -5 -51 Forward
10000.0 1/3 0.44670101082571834 -0.9854043709108662 0.3838869394595942 -0.9987039129747574 0.3948352581838388 -0.9988416943863612 0.3843640438728095 -0.9993714141862644 -5 -32 Forward

