RT60 data saved by REW V5.15
Source: D:\Documents\Workspace\Laboratories\AA\Project\Recordings\Z1M5.wav
Dated: Mar 29, 2016 3:45:29 PM
Measurement: Z1M5
Sweep level: -12.0 dBFS
Response measured over: 2.0 to 24,000.0 Hz
Peak value: 0.4037903845310211 at index 346184
Response length: 524288 samples
Sample interval: 2.0833333333333333E-5 seconds
Start time: -7.212166666666667 seconds

Format is freq Hz, BW octaves, EDT s, r, T20 s, r, T30 s, r, Topt s, r, ToptStart dB, ToptEnd dB, reverse/forward filtered

Octave filtered data
63.0 1/1 78.0578881662275 -0.6360395900000567 9.133799611655967 -0.9598101349561912 8.21797854628121 -0.9262114947097216 9.133799611655967 -0.9598101349561912 -5 -25 Forward
125.0 1/1 1.0874556396521096 -0.9925275634969 1.250206835558722 -0.9930369578350551 NaN NaN 1.144892081059966 -0.9935436081122232 -5 -31 Forward
250.0 1/1 0.9880688935663565 -0.9927000986537526 1.1212275099944147 -0.9975040559045413 1.139666765004804 -0.9985646928912655 1.1540896181961255 -0.9986468316729266 -5 -38 Forward
500.0 1/1 0.8919474938964443 -0.993986439402541 1.005707340851558 -0.9984473243396408 0.9894807488355918 -0.999196893790226 0.9942001879893158 -0.9993403344821303 -5 -42 Forward
1000.0 1/1 0.7939568289095954 -0.9964058259499663 0.9166077585500776 -0.9987067399446817 0.9521660574851915 -0.9993062640819842 0.9620625167598473 -0.999563990244466 -5 -42 Forward
2000.0 1/1 0.7264682742802804 -0.9923320667804009 0.8311071268900573 -0.9996088862889951 0.8980604660399716 -0.9985176036626673 0.8311071268900573 -0.9996088862889951 -5 -25 Forward
4000.0 1/1 0.5922955689911055 -0.991460325936963 0.7475378725320618 -0.999547767376682 0.7803236008258798 -0.9991551688126443 0.7524035103426118 -0.9996959478561128 -5 -29 Forward
8000.0 1/1 0.2621934374868606 -0.9714797572173044 0.5099043269239089 -0.9993944850582441 0.5372974843328752 -0.9989600566168516 0.525011387728584 -0.9995112839073287 -9 -31 Forward

One-third octave filtered data
63.0 1/3 3.118492973578674 -0.9223066886152779 8.800560747119698 -0.9590029745520996 8.0998853173343 -0.9457898128961556 11.154527242474936 -0.9781103282436184 -12 -25 Forward
80.0 1/3 1.7530715246670514 -0.9862469289139195 5.798895306723219 -0.9251779422576499 6.267965272834989 -0.9534118498814886 8.309969121060183 -0.9919372425025019 -15 -28 Forward
100.0 1/3 1.4296488811947825 -0.987858890996649 3.0899968793211543 -0.9003420989601385 6.001940486488068 -0.9031905544542174 9.21372663728395 -0.961971434823398 -17 -34 Forward
125.0 1/3 1.0534030383508368 -0.9735449893972069 1.3708479492994747 -0.9782804328051503 NaN NaN 1.1691242979464944 -0.9866239340174896 -5 -32 Forward
160.0 1/3 1.3041448395417574 -0.9871972489235104 1.1745133107373298 -0.9879498756965587 NaN NaN 1.1087779173682004 -0.9922453317857574 -5 -31 Forward
200.0 1/3 0.9242983123430735 -0.92572098545203 1.2389279666112147 -0.9936023075532656 1.2192440535569804 -0.9971899914354956 1.231642103286838 -0.9972587286234474 -5 -36 Forward
250.0 1/3 1.107583470557 -0.9854479147554982 1.070055277136754 -0.9929848418640014 NaN NaN 1.0962784886977703 -0.9965225121557834 -5 -34 Forward
315.0 1/3 0.8230903264950632 -0.9908256457307612 1.1953237995086123 -0.9843931266192636 NaN NaN 1.120357547118168 -0.9929331213704325 -5 -32 Forward
400.0 1/3 0.7270554462420042 -0.9898134086174053 1.1212527415210891 -0.9932548287533071 NaN NaN 1.080742889349708 -0.9961436399877962 -5 -34 Forward
500.0 1/3 0.9889093677333227 -0.970234039945089 0.9863526210992453 -0.9983594921628223 NaN NaN 1.0033408269200819 -0.999153293839425 -5 -33 Forward
630.0 1/3 1.12897564256605 -0.9895344933762235 0.9283690665539123 -0.9974794701001134 0.9295550079839662 -0.9988117211336277 0.9285387185389904 -0.9990214487616464 -5 -37 Forward
800.0 1/3 0.6782300112162098 -0.9916728336124998 0.9808360531760404 -0.9946306355477377 1.02513986125592 -0.9976485763969685 1.0507290971822154 -0.9983810336294451 -5 -42 Forward
1000.0 1/3 0.7925253760365761 -0.984361490187455 0.8704951691417421 -0.9988542307359853 0.9247059966974764 -0.9977907520236184 0.8691555582607887 -0.9991352444146037 -5 -27 Forward
1250.0 1/3 0.8286275860515603 -0.993132203031618 0.8937586527800127 -0.997243516776903 0.9362471406753938 -0.9986525249078005 0.9759634367365018 -0.9993034368738418 -5 -60 Forward
1600.0 1/3 0.7119977181487401 -0.9857559907284286 0.8570469543038791 -0.9985451316583231 0.9205314088558051 -0.9980307588676202 0.9600768627404702 -0.9988250820804009 -5 -49 Forward
2000.0 1/3 0.7424627572899277 -0.9924079963363177 0.8107515212876734 -0.9980747511958684 0.8687769739857774 -0.9979527255867582 0.8103936833400954 -0.9985566929058289 -5 -27 Forward
2500.0 1/3 0.7065521003101143 -0.9925083272369805 0.8185090053296434 -0.9983412420543845 0.8582029196025324 -0.9986666606855296 0.8309663406353156 -0.9991105151836316 -5 -31 Forward
3150.0 1/3 0.6256766777795564 -0.9862184201875687 0.7830845558785597 -0.9986870049440384 0.8157990593220232 -0.9987902466887775 0.7831112589607407 -0.9991961904812894 -5 -29 Forward
4000.0 1/3 0.5415707443112447 -0.9950347678841518 0.7012458994242255 -0.9992631248210522 0.7183985049788562 -0.9995357101854538 0.7204996195047542 -0.9996056981786482 -5 -37 Forward
5000.0 1/3 0.5276788362645395 -0.9746707187823626 0.6470448481151256 -0.9992284871050934 0.6660250973873117 -0.9992955687919928 0.6527737879514186 -0.999608835117601 -5 -32 Forward
6300.0 1/3 0.4875813354295249 -0.9833859210599789 0.557534575218737 -0.9994439966378703 0.5825530289032657 -0.9989561063812611 0.5590018202133455 -0.9996492619274495 -5 -29 Forward
8000.0 1/3 0.17930650633709766 -0.9719659065378065 0.4478455059503415 -0.9988970504371808 0.45067256659567134 -0.999474017289218 0.4549248386755831 -0.9995589418146986 -9 -38 Forward
10000.0 1/3 0.1934239829932176 -0.9785473623997313 0.38769747109506375 -0.9980087239944938 0.40279190573179413 -0.9989874413238118 0.3960837023578878 -0.9990376343199219 -9 -32 Forward

