RT60 data saved by REW V5.15
Source: D:\Documents\Workspace\Laboratories\AA\Project\Recordings\Z1M6.wav
Dated: Mar 29, 2016 3:47:49 PM
Measurement: Z1M6
Sweep level: -12.0 dBFS
Response measured over: 2.0 to 24,000.0 Hz
Peak value: 0.3982360363006592 at index 114008
Response length: 262144 samples
Sample interval: 2.0833333333333333E-5 seconds
Start time: -2.3751666666666664 seconds

Format is freq Hz, BW octaves, EDT s, r, T20 s, r, T30 s, r, Topt s, r, ToptStart dB, ToptEnd dB, reverse/forward filtered

Octave filtered data
63.0 1/1 14.055225272427888 -0.9502672546662235 8.54488954044219 -0.9248167940564189 8.025890691502234 -0.8932406070975224 8.54488954044219 -0.9248167940564189 -5 -25 Forward
125.0 1/1 1.107996053216687 -0.9876851566215821 1.1156758555506636 -0.9915090843612284 NaN NaN 1.079535992046637 -0.9959138343516125 -5 -32 Forward
250.0 1/1 0.98203487497666 -0.9885202758502079 1.1429427721195105 -0.9963668021739369 NaN NaN 1.1382113246127104 -0.9972833320171782 -5 -29 Forward
500.0 1/1 1.007467284052948 -0.9968206930060821 0.9886571979292809 -0.9979696689346933 1.0457710903548518 -0.998303481492495 1.0404512818790623 -0.9993075988994055 -5 -47 Forward
1000.0 1/1 0.8844474479666237 -0.9901560206690153 0.9577510496581113 -0.9986190424483102 0.9371721771128995 -0.999233580526195 0.9551646357102196 -0.999513764114965 -5 -45 Forward
2000.0 1/1 0.7790357446330985 -0.9944089317791812 0.8866870564726381 -0.9995222171852975 0.9209502756157263 -0.998976081979894 0.8833442157768486 -0.9996967258373587 -5 -29 Forward
4000.0 1/1 0.512857478433689 -0.9831524021575163 0.7322144080002762 -0.9995459214815937 0.7790804546362837 -0.9989202256308272 0.7422682598587166 -0.9995481855457274 -5 -28 Forward
8000.0 1/1 0.2775321124675688 -0.9877017416658768 0.5190553978107764 -0.9981170444436622 0.5418143647989673 -0.999062310557466 0.5383942220500676 -0.9991072508802217 -5 -34 Forward

One-third octave filtered data
63.0 1/3 1.7510915505067792 -0.9050700781988583 9.22290325124641 -0.9576419313167279 8.697861751397602 -0.9375604802870078 10.663507710284184 -0.9625426732360318 -10 -25 Forward
80.0 1/3 1.0637984645733813 -0.9571128108307165 6.455430005252606 -0.9079301633434664 6.616778539007229 -0.9349139416284056 9.328938680235913 -0.9751073511962027 -14 -29 Forward
100.0 1/3 1.5260662816808217 -0.9407779497413684 1.7244624435903906 -0.9763024454172127 5.765667880036542 -0.8908406046341725 9.121771390477331 -0.9601156387665029 -20 -35 Forward
125.0 1/3 1.3278043383252938 -0.9690149590969528 1.1039634230672717 -0.9972037296520277 4.451675237354041 -0.8549814573577096 9.14918405317549 -0.9350655248073082 -22 -40 Forward
160.0 1/3 0.966262398142573 -0.9728113448969101 1.153547657336067 -0.9782834623026713 1.255754177171153 -0.9892241108195351 1.1917067598095241 -0.9908307968740089 -5 -32 Forward
200.0 1/3 1.298563944515894 -0.9838309097853171 1.0670320129738506 -0.9776090149227865 NaN NaN 1.0673940994113216 -0.9842635289173449 -5 -32 Forward
250.0 1/3 1.0390192052572356 -0.9954346180224113 1.334763612041835 -0.9925911458932932 NaN NaN 1.334763612041835 -0.9925911458932932 -5 -25 Forward
315.0 1/3 0.6971809092004347 -0.9675235073075276 0.963867183791166 -0.9925894472584622 0.9521533342308496 -0.996378192174365 0.9536352028315492 -0.9963985164925462 -5 -34 Forward
400.0 1/3 1.2089679090908387 -0.9880283037463978 0.8230157929911872 -0.9910200082951163 NaN NaN 0.8964060801035476 -0.9935126086906862 -5 -32 Forward
500.0 1/3 1.0623425795881904 -0.9969895398677461 1.0445476838952723 -0.9966911096784887 NaN NaN 1.018203516029282 -0.9973805489731017 -5 -30 Forward
630.0 1/3 0.8968015396702169 -0.9909795224735853 1.016713210483326 -0.9971655970515684 1.0544096586776837 -0.9986461189524795 1.05581047459023 -0.9992184955982393 -5 -42 Forward
800.0 1/3 0.8897691888742801 -0.9712532255426828 0.9803940417379323 -0.9936497539636904 0.9208634863170011 -0.9971228346744422 0.9593151533162148 -0.9978449496920928 -5 -43 Forward
1000.0 1/3 0.9749058626814763 -0.9895830409050996 0.9669303178037235 -0.9934949288248784 0.9364024831793216 -0.9973875675087198 0.9377101503504965 -0.9982363615244109 -5 -40 Forward
1250.0 1/3 0.8163264055494776 -0.9851826475440638 0.9573817767227887 -0.9982230725514125 0.9516324136141908 -0.9992788398998945 0.9534422040336891 -0.999387390121772 -5 -39 Forward
1600.0 1/3 0.7366735229924021 -0.9956384921750944 0.9097856430948311 -0.9984959532551285 0.9471299045414535 -0.9983989025705011 0.9694317173434082 -0.9992079060749702 -5 -47 Forward
2000.0 1/3 0.9005100544930549 -0.9922538216920289 0.8549006740163402 -0.9988487347728775 0.920486560150825 -0.9981162944569048 0.858032560546248 -0.9991028767713335 -5 -27 Forward
2500.0 1/3 0.7040514634439224 -0.9913260400961967 0.7955265498287687 -0.998807644928418 0.8158497277822996 -0.9992601971242991 0.800636982985348 -0.9993509533242511 -5 -31 Forward
3150.0 1/3 0.607796842146942 -0.9842981283978509 0.7523812955627547 -0.9985921942524774 0.8110295966029292 -0.9983079356900388 0.8353956511095458 -0.998884785666943 -5 -44 Forward
4000.0 1/3 0.3459534425787047 -0.9779743739961305 0.6770563530873932 -0.9986174538198138 0.7053139060440025 -0.9992188211917533 0.7158433676491491 -0.9995631343593564 -9 -35 Forward
5000.0 1/3 0.48216628452034055 -0.9922695804057865 0.6650149816937337 -0.9990160473427923 0.6678640778751548 -0.9994914000447286 0.6678640778751548 -0.9994914000447286 -5 -35 Forward
6300.0 1/3 0.4331541124209275 -0.989199040483644 0.5613056288827686 -0.9994634127359106 0.5765214404330465 -0.9992580388872468 0.5642892385802657 -0.9997069465528757 -5 -32 Forward
8000.0 1/3 0.2634260569721579 -0.9794858062229025 0.4437971988771614 -0.99822989536513 0.46201526476095117 -0.9991332090356937 0.4659633216385618 -0.999189406065759 -5 -37 Forward
10000.0 1/3 0.21022095957608297 -0.9463970180738113 0.3604585140425146 -0.9875443817728441 0.393713885930553 -0.9955677085009593 0.4274379948377037 -0.9975159844156786 -5 -50 Forward

