RT60 data saved by REW V5.15
Source: D:\Documents\Workspace\Laboratories\AA\Project\Recordings\Z2M1.wav
Dated: Mar 29, 2016 3:22:31 PM
Measurement: Z2M1
Sweep level: -12.0 dBFS
Response measured over: 2.0 to 24,000.0 Hz
Peak value: 0.8961455225944519 at index 84039
Response length: 262144 samples
Sample interval: 2.0833333333333333E-5 seconds
Start time: -1.7508124999999999 seconds

Format is freq Hz, BW octaves, EDT s, r, T20 s, r, T30 s, r, Topt s, r, ToptStart dB, ToptEnd dB, reverse/forward filtered

Octave filtered data
63.0 1/1 1.8192925945978102 -0.9803399328649438 10.588654657139307 -0.9590131200078379 9.649272140726227 -0.9427639931445839 11.98119580528209 -0.9812651006578105 -11 -25 Forward
125.0 1/1 1.2944565783401307 -0.9956029812197089 1.2031069726166113 -0.9959021110824395 NaN NaN 1.2159029748096377 -0.9968476425059956 -5 -29 Forward
250.0 1/1 1.1678860465875145 -0.9902667739542006 1.1243121138827434 -0.9957145599125312 1.1753418545395566 -0.9978433886374936 1.1738693729780854 -0.9986878939158366 -5 -41 Forward
500.0 1/1 1.0245535562846104 -0.9939078035732675 0.9664462626960458 -0.9965206811609101 0.9603895746822353 -0.9987156195106405 0.9678164271993186 -0.9992592405679521 -5 -44 Forward
1000.0 1/1 0.9159563232475917 -0.994277733771723 0.9583170294961637 -0.9989187403632188 0.9415437146521064 -0.9995308640175181 0.9566336090924713 -0.9996025316589531 -5 -42 Forward
2000.0 1/1 1.065018700180156 -0.9969442039015337 0.9135604102314441 -0.999048055414255 0.9215449403936667 -0.9995156613732221 0.9247813031128809 -0.9996542104371899 -5 -40 Forward
4000.0 1/1 0.8160807182636439 -0.9952474218302387 0.7486629151675787 -0.9990617646668151 0.7703505793889295 -0.9995208342756725 0.7743511554187708 -0.9995450209243063 -5 -37 Forward
8000.0 1/1 0.4521495839145377 -0.9896099576851325 0.5521800032605417 -0.9986335630122912 0.5619478321877228 -0.9993682612125644 0.5571158722836356 -0.99939307260916 -5 -33 Forward

One-third octave filtered data
63.0 1/3 2.0011778102741835 -0.9576377835735904 7.6611496488562265 -0.880994523278597 7.4698701201725415 -0.9359975612515431 11.194774484822013 -0.9799682744328695 -15 -28 Forward
80.0 1/3 1.646129844081573 -0.9366089368478164 2.1323570120756354 -0.9589958961205384 5.888621176095126 -0.9183061569241217 8.240940025077043 -0.9781433379423489 -20 -38 Forward
100.0 1/3 1.486774880137396 -0.9925086170765248 1.2772259051753794 -0.9843174512384748 3.2843054789104755 -0.8892501093736975 1.8110433015419216 -0.9827340923287545 -21 -31 Forward
125.0 1/3 1.7258997918208758 -0.9556675281754689 1.2965066305946573 -0.9926525944750568 1.8764272008115273 -0.9707145980251437 1.3168384448361719 -0.9945909556017201 -5 -27 Forward
160.0 1/3 1.13051193222839 -0.9943783002279282 1.2462880154816947 -0.9931129556774727 NaN NaN 1.2496653799339166 -0.9954929982355637 -5 -29 Forward
200.0 1/3 1.5087332488105059 -0.9897863019516624 1.3498279244024396 -0.9923633818047252 NaN NaN 1.4233585926196766 -0.9935769867436077 -5 -31 Forward
250.0 1/3 1.0539236921511295 -0.9834565604298653 1.0843934958133248 -0.9899838307954241 1.133856766734322 -0.9926749344439563 1.1377430361110008 -0.9927203131445849 -5 -34 Forward
315.0 1/3 1.2340192073710627 -0.9836604762266012 1.084050961621317 -0.9837439425763932 NaN NaN 1.1024536614450715 -0.990950544851646 -5 -30 Forward
400.0 1/3 1.0769457485491782 -0.9895778889587514 0.9571177862270962 -0.9948303686777853 NaN NaN 0.9912283990063613 -0.9975446660769567 -5 -33 Forward
500.0 1/3 1.0000178048955584 -0.9741196711545979 1.0610539803298868 -0.9887870805428638 NaN NaN 1.021604824790199 -0.9955209216082114 -5 -32 Forward
630.0 1/3 0.9805593053594752 -0.9946358639682301 0.9086095550432884 -0.9967511038187529 0.9205116953875996 -0.9965345423351252 0.8805974160215043 -0.9979149884370064 -5 -32 Forward
800.0 1/3 0.8083358511780525 -0.9954348625902527 0.9588421992907751 -0.995736186294138 0.8845541387005943 -0.9972782455236409 0.8860318050746661 -0.9976026051345382 -5 -36 Forward
1000.0 1/3 0.8407049052504909 -0.9876406939953778 0.9273607542784499 -0.9966208254681144 0.9679412452491675 -0.9984392588567771 0.9745153520916301 -0.9990616816998403 -5 -42 Forward
1250.0 1/3 1.0530622013736635 -0.9880992286670794 1.0099561454228763 -0.9985790502033436 0.9489527734213388 -0.9981591016020651 0.9680989350435418 -0.9995283631162095 -5 -57 Forward
1600.0 1/3 1.1774568320898577 -0.9956000924554782 0.915868075177467 -0.9981761741261745 0.9441882402378011 -0.9988816030368906 0.9506862812112582 -0.9994420313325102 -5 -47 Forward
2000.0 1/3 0.9870214421771564 -0.9954594264167028 0.9057543132597826 -0.9988527262000814 0.8952556909744414 -0.998951774645589 0.9012099653905407 -0.9990454371473845 -5 -37 Forward
2500.0 1/3 0.9404162740079648 -0.9784325821363371 0.8946419402306548 -0.9987692108145404 0.8884060777692641 -0.9995374716804389 0.8899454080621666 -0.9997673097000899 -5 -44 Forward
3150.0 1/3 0.8615694314096798 -0.9954883441883932 0.7554226753257544 -0.9982760839889449 0.7810016720701562 -0.999114838326158 0.7864491168051488 -0.9992618696317136 -5 -38 Forward
4000.0 1/3 0.7384951908370974 -0.9918113681249279 0.703335552589636 -0.9983692374472606 0.7068647983909163 -0.9994544182307417 0.7068647983909163 -0.9994544182307417 -5 -35 Forward
5000.0 1/3 0.8042366405152084 -0.9942379586786182 0.6576152321199471 -0.9975514332606109 0.6786825536652374 -0.9988218632791636 0.6850422254894561 -0.9991171523729877 -5 -39 Forward
6300.0 1/3 0.42452992981880167 -0.981241073697751 0.5824024518374887 -0.9970280164776965 0.5822427449249471 -0.9989240197693354 0.608154747510213 -0.9990489155517411 -5 -47 Forward
8000.0 1/3 0.4699360865908447 -0.9920077652870687 0.4953990231675752 -0.9986064977705279 0.489981240587506 -0.9992490735573532 0.48901496668082856 -0.9995228432996588 -5 -42 Forward
10000.0 1/3 0.37554691349610614 -0.9954224669877991 0.4374405419083674 -0.9971053226833778 0.4220074639310856 -0.998822812760676 0.43271203770129296 -0.9995153257488953 -5 -54 Forward

