RT60 data saved by REW V5.15
Source: D:\Documents\Workspace\Laboratories\AA\Project\Recordings\Z2M2.wav
Dated: Mar 29, 2016 3:29:11 PM
Measurement: Z2M2
Sweep level: -12.0 dBFS
Response measured over: 2.0 to 24,000.0 Hz
Peak value: 0.5185705423355103 at index 120318
Response length: 262144 samples
Sample interval: 2.0833333333333333E-5 seconds
Start time: -2.506625 seconds

Format is freq Hz, BW octaves, EDT s, r, T20 s, r, T30 s, r, Topt s, r, ToptStart dB, ToptEnd dB, reverse/forward filtered

Octave filtered data
63.0 1/1 1.4847582953798777 -0.9838396200409996 NaN NaN NaN NaN NaN NaN -5 -5 Forward
125.0 1/1 1.4885825092934168 -0.9880394616029319 1.3420702535811457 -0.9962628889977615 NaN NaN 1.3424184620554749 -0.9967753907236857 -5 -26 Forward
250.0 1/1 1.0895498907706431 -0.9940137423692588 1.1504094624899635 -0.9974514370474271 NaN NaN 1.1504094624899635 -0.9974514370474271 -5 -25 Forward
500.0 1/1 1.0278987121072796 -0.9968097482193808 0.9651083931694099 -0.9981609493335585 0.9799115632822349 -0.9989319752549239 0.992832309215724 -0.999244171136144 -5 -47 Forward
1000.0 1/1 1.0491236861753162 -0.9969214732345762 0.9183837913261557 -0.9990291765315505 0.9224222624790633 -0.9995493758539489 0.9234838621407838 -0.9996985152881449 -5 -41 Forward
2000.0 1/1 0.8802719051263852 -0.9969101659966529 0.860786623583634 -0.9995171057353581 0.8905878286586137 -0.9992918039603839 0.8614648453405316 -0.9996601288976065 -5 -29 Forward
4000.0 1/1 0.8987231988428567 -0.998928074362256 0.7966971494107677 -0.9991921335455856 0.8189407913034916 -0.9995376744101149 0.8154854721556922 -0.9995590144145016 -5 -34 Forward
8000.0 1/1 0.4294014279714447 -0.9957708232716576 0.5837325426560748 -0.9986661863712268 0.5907278660642741 -0.9995084482516866 0.5882057810122475 -0.9995233510221969 -5 -34 Forward

One-third octave filtered data
63.0 1/3 2.3924442449621734 -0.9771745373272934 4.742394730119513 -0.9296070903716083 4.819052991430548 -0.9424542364855117 7.599374380480732 -0.9714295913026313 -15 -27 Forward
80.0 1/3 1.5408262917394502 -0.9543123243942808 1.797327679529529 -0.9226558603306655 3.0501134385067923 -0.9494145714231014 2.359486162626789 -0.9638987226425547 -5 -33 Forward
100.0 1/3 1.913087015244454 -0.929024784996547 1.7087171108788235 -0.9681198166364093 2.0975282392666417 -0.9790742029604704 1.7253029069761205 -0.9908593638222724 -5 -32 Forward
125.0 1/3 2.2547746691556254 -0.9566312575098699 1.3197554902677806 -0.9756421262286104 1.5632928952273593 -0.9771044196009161 1.221308723629625 -0.9878096536673606 -5 -30 Forward
160.0 1/3 1.3464272523692733 -0.9688519562880245 1.3682505161028637 -0.9934019342149032 NaN NaN 1.350640117566241 -0.9954183554865323 -5 -28 Forward
200.0 1/3 1.258382058532566 -0.9931818202457477 1.4065334740932913 -0.9895961857776245 NaN NaN 1.4065334740932913 -0.9895961857776245 -5 -25 Forward
250.0 1/3 1.294785606594984 -0.989350273343283 1.175320538046741 -0.9944817439661929 NaN NaN 1.2077561828008658 -0.9958400903460641 -5 -29 Forward
315.0 1/3 0.8441151714981066 -0.9866255407469342 0.9915225184862898 -0.9957581048667049 NaN NaN 0.9732728083979764 -0.9977493113826056 -5 -30 Forward
400.0 1/3 1.3796357150976077 -0.9891196316889532 1.0262174223407792 -0.9933743412213363 NaN NaN 1.060100215100162 -0.9935029808737994 -5 -27 Forward
500.0 1/3 0.9614149247971303 -0.9909174239725904 0.9887373478717186 -0.9962219633562922 NaN NaN 0.977117806353694 -0.9971535549851442 -5 -29 Forward
630.0 1/3 0.8779178673952508 -0.9927655702817498 0.9600195941866829 -0.9950986001269956 NaN NaN 0.9496931460671993 -0.9958240960399523 -5 -28 Forward
800.0 1/3 1.1597042662710344 -0.9884496858085463 0.8823206083628559 -0.9958345617059319 0.8939713607715942 -0.9983117588823704 0.9263341970517377 -0.9990860611790517 -5 -49 Forward
1000.0 1/3 0.8732978551393765 -0.986534188210507 1.0124720918461714 -0.9963839831242143 0.986062781291159 -0.9975702517431111 0.9661040180201951 -0.9982886411898604 -5 -46 Forward
1250.0 1/3 1.2645328963656195 -0.9867542874172439 0.8607758217325252 -0.9967085151599713 0.8572198685314072 -0.9989358663031251 0.8572198685314072 -0.9989358663031251 -5 -35 Forward
1600.0 1/3 0.8366077443497617 -0.9941484354541649 0.8791304584549179 -0.998112102027415 0.9031564867745269 -0.9987937465331078 0.9343811541107533 -0.9990243597673822 -5 -45 Forward
2000.0 1/3 0.8529870907462586 -0.9982019989621823 0.8468003256809911 -0.9984816133130716 0.8994088724087024 -0.9981338931058666 0.9219301220655571 -0.9990302091301339 -5 -49 Forward
2500.0 1/3 0.8797474028149516 -0.9890328481826963 0.8359764826514867 -0.9988880224510914 0.872892223488296 -0.9991681358597168 0.9046487562016536 -0.9994793898611884 -5 -51 Forward
3150.0 1/3 0.9956676518525267 -0.9961632687164388 0.8271836236473973 -0.9985190843897674 0.8533186386433342 -0.9991789368817464 0.8574180374121596 -0.999273010150992 -5 -37 Forward
4000.0 1/3 0.8092631487545159 -0.997150987767007 0.7349468152483934 -0.9989351218767196 0.7347712615212976 -0.9996363845926841 0.7355330663948584 -0.9997776059353686 -5 -41 Forward
5000.0 1/3 0.681558901450378 -0.9921089052251504 0.7066782922778182 -0.9991558935879293 0.7098923378359273 -0.9996390599298871 0.711516552359294 -0.999709373581695 -5 -38 Forward
6300.0 1/3 0.5805502206807126 -0.9943443145657358 0.6179766156406391 -0.997901628164778 0.6140705835779594 -0.9991301684038101 0.6195484420623452 -0.9994968475446608 -5 -43 Forward
8000.0 1/3 0.3647281358959816 -0.9942971496237012 0.5457085254802483 -0.9972429291183422 0.513966773047902 -0.9984251729839134 0.5134073515798713 -0.9995284448723544 -5 -53 Forward
10000.0 1/3 0.3184263090500007 -0.9922217480283647 0.44370465483981264 -0.9958109096157866 0.42772910983351764 -0.9985325516626067 0.4377411623691802 -0.9994538855570513 -5 -52 Forward

