RT60 data saved by REW V5.15
Source: D:\Documents\Workspace\Laboratories\AA\Project\Recordings\Z2M3.wav
Dated: Mar 29, 2016 3:35:12 PM
Measurement: Z2M3
Sweep level: -12.0 dBFS
Response measured over: 2.0 to 24,000.0 Hz
Peak value: 0.8961455225944519 at index 102635
Response length: 262144 samples
Sample interval: 2.0833333333333333E-5 seconds
Start time: -2.1382291666666666 seconds

Format is freq Hz, BW octaves, EDT s, r, T20 s, r, T30 s, r, Topt s, r, ToptStart dB, ToptEnd dB, reverse/forward filtered

Octave filtered data
63.0 1/1 1.4108698192486284 -0.9663568808333732 7.834059352699175 -0.9323695570255391 7.399468655139155 -0.9460196258094233 9.875669822011526 -0.9734417367430049 -14 -28 Forward
125.0 1/1 1.322721175406136 -0.9733623473813758 1.2044721539568748 -0.9947099151712615 NaN NaN 1.238261101200134 -0.996531907250244 -5 -30 Forward
250.0 1/1 1.1701087336604068 -0.9967627327826722 1.0899925414848604 -0.9964393567695379 1.072523588366827 -0.9985944249895995 1.112598444407864 -0.9987828907936991 -5 -44 Forward
500.0 1/1 0.8713777861383716 -0.9958560725632144 0.9386556423192455 -0.9987551790779272 0.9951803758104972 -0.9978779331162122 0.9315305180003809 -0.9990313141405207 -5 -28 Forward
1000.0 1/1 0.9302305713814303 -0.9939701889217629 0.8900337537622438 -0.9984185927998767 0.9411463046598694 -0.9986919894644464 1.0007790606384779 -0.9990610336693853 -5 -54 Forward
2000.0 1/1 0.8789395756235914 -0.9951995176385496 0.9056112255158596 -0.9997659081574461 0.928324969049356 -0.9996882495179948 0.9379438310591693 -0.999797441379521 -5 -44 Forward
4000.0 1/1 0.5764295149213537 -0.9862240072926752 0.7385776532299544 -0.99931493806012 0.7824747016172717 -0.9989608180674537 0.7477538127159316 -0.999397198442125 -5 -28 Forward
8000.0 1/1 0.3538396161737088 -0.9596654305000416 0.4868858399588194 -0.9980827537336225 0.5265120092702367 -0.998162238516931 0.500642706132223 -0.998498385012672 -5 -29 Forward

One-third octave filtered data
63.0 1/3 1.3286784414759851 -0.9785285364105708 3.1380170858752727 -0.9537031690789153 6.280937467986506 -0.9293268328766038 8.996937397118774 -0.9720368653430818 -16 -33 Forward
80.0 1/3 1.7595483998053916 -0.9105688835960013 1.8967793925474696 -0.9685600822010569 4.322094717408825 -0.8966534362991239 2.59901236692147 -0.9809162244613642 -21 -31 Forward
100.0 1/3 1.4811958729274644 -0.9855591621025742 1.489467370428035 -0.977775039439851 1.4691854658459327 -0.9922379539762978 1.4451788097522815 -0.9941369936659105 -5 -37 Forward
125.0 1/3 1.1410859923958088 -0.9889083561620033 1.2996206571935278 -0.9923003360593515 1.4136485700323245 -0.9959605172742166 1.4257105405347403 -0.997183267293658 -5 -39 Forward
160.0 1/3 1.3814526567751453 -0.9611340991233887 1.1025998929133671 -0.9668504204690013 1.2315575504570395 -0.9884612336990304 1.1514405786510107 -0.9903681985109026 -5 -33 Forward
200.0 1/3 1.6682195782167315 -0.9931436591403655 1.0901744121403123 -0.9961711061408537 NaN NaN 1.1047484866475275 -0.9973286937216674 -5 -28 Forward
250.0 1/3 1.2400508960642642 -0.9965679326723772 1.1699767803058938 -0.9947807734361628 NaN NaN 1.1940211144176633 -0.9962625505569115 -5 -30 Forward
315.0 1/3 0.8669324841585259 -0.991060122985266 0.9622112967328655 -0.9965374386039056 0.9439940770458817 -0.9976492726090128 0.9201359549399594 -0.9981901397794776 -5 -33 Forward
400.0 1/3 0.8904657448024055 -0.9902043160453752 1.0576549634337071 -0.9888891585755952 NaN NaN 0.977292657773017 -0.9948464935748035 -5 -33 Forward
500.0 1/3 0.8821380236635521 -0.9844794341331309 0.8182827259054476 -0.9956844272832042 0.8389007344274143 -0.9982884873847926 0.837998598727328 -0.9984441942632646 -5 -36 Forward
630.0 1/3 0.7908392555692019 -0.9872405763686526 0.9365667603230364 -0.9917893260626235 1.018427132486053 -0.9958009966096784 1.0164323140582043 -0.9982470059706391 -5 -49 Forward
800.0 1/3 1.0399287518484737 -0.9833900653864156 0.8907639111551939 -0.9962656326037564 0.9275463011724181 -0.9978638633178055 0.9557549862937023 -0.9981723565197017 -5 -42 Forward
1000.0 1/3 0.85771292800734 -0.9922498882066599 0.8982813200359976 -0.9960682522573806 0.955389430345414 -0.9977200481753398 1.0083502539734968 -0.9983938335506563 -5 -49 Forward
1250.0 1/3 0.9350343700774828 -0.9972293738140156 0.8537349589923161 -0.99638284256674 0.9305343414420526 -0.9971539608219061 0.9809944172394697 -0.9987309491924593 -5 -54 Forward
1600.0 1/3 0.8643679518725246 -0.9953462686594465 0.9465264205367313 -0.9985617281662489 0.9538936642728265 -0.9994398081326447 0.9473339653084341 -0.9996963649007906 -5 -46 Forward
2000.0 1/3 0.8958767520274948 -0.9917394699652792 0.899065126161957 -0.998874923326739 0.9146449556344741 -0.9994048449672459 0.9339173739617493 -0.9994770312396786 -5 -43 Forward
2500.0 1/3 0.870806870355537 -0.9908369777309467 0.8538640004045744 -0.9989193667938515 0.9091102824424175 -0.9985754109611661 0.92480567488355 -0.9993932693096975 -5 -48 Forward
3150.0 1/3 0.7185899440008192 -0.9936151625612482 0.7659592896148835 -0.9986945917118502 0.8120440146466035 -0.998861515898747 0.8187209028164866 -0.9989795500049259 -5 -37 Forward
4000.0 1/3 0.4584478148257262 -0.962582942664869 0.6781952218322482 -0.9978330756650533 0.6887088191462148 -0.99908718315991 0.6836684723139915 -0.9991809025847983 -5 -34 Forward
5000.0 1/3 0.55608505397486 -0.9801788793627517 0.6536916076674695 -0.9970934503030614 0.688220007477204 -0.9985375875190942 0.7018882837807561 -0.999215725845165 -5 -45 Forward
6300.0 1/3 0.3990946295485738 -0.9588863826801393 0.5368426081621347 -0.998777694524217 0.5572881795225361 -0.9991341496628747 0.5448036145751965 -0.9993155216690889 -5 -31 Forward
8000.0 1/3 0.29337885830582844 -0.9209962105324881 0.45649066125225557 -0.9959467357301519 0.46797622143501943 -0.9987362043286369 0.4764232864168403 -0.9990977844815381 -5 -41 Forward
10000.0 1/3 0.395542160175036 -0.9732160334729572 0.3723454232628747 -0.9974890855716526 0.3764524247698739 -0.9986136159565974 0.37935963368368447 -0.9987446974086907 -5 -37 Forward

