RT60 data saved by REW V5.15
Source: D:\Documents\Workspace\Laboratories\AA\Project\Recordings\Z1M4 (2).wav
Dated: Mar 29, 2016 3:42:03 PM
Measurement: Z1M4 (2)
Sweep level: -12.0 dBFS
Response measured over: 2.0 to 24,000.0 Hz
Peak value: 0.8962981104850769 at index 105207
Response length: 262144 samples
Sample interval: 2.0833333333333333E-5 seconds
Start time: -2.1918124999999997 seconds

Format is freq Hz, BW octaves, EDT s, r, T20 s, r, T30 s, r, Topt s, r, ToptStart dB, ToptEnd dB, reverse/forward filtered

Octave filtered data
63.0 1/1 1.2654746490330877 -0.9924963927026663 1.4064946033811794 -0.968297718504013 NaN NaN 1.4064946033811794 -0.968297718504013 -5 -25 Forward
125.0 1/1 1.190996809946962 -0.988072597293881 1.3479242612074707 -0.9935660772524744 1.3259140925295443 -0.9981528067883627 1.3302205870958999 -0.9985008326323164 -5 -37 Forward
250.0 1/1 1.157468901441354 -0.9937148625990594 1.1619020494130088 -0.9948002902913847 1.17078129715723 -0.9980603024511239 1.18612461192609 -0.9992337945540547 -5 -51 Forward
500.0 1/1 0.8667328986179043 -0.9957993363737395 0.8714864365240675 -0.9992516898249575 0.9710329920321602 -0.9974622004561275 0.8714864365240675 -0.9992516898249575 -5 -25 Forward
1000.0 1/1 0.9768758601322696 -0.9981701003290533 0.9192497440056127 -0.9995884880505149 0.9476087540418475 -0.9994812101314338 0.9331758292068374 -0.999676962262456 -5 -32 Forward
2000.0 1/1 0.7982735771608093 -0.9953319422815311 0.8731662741313947 -0.9987927487511365 0.906643324195404 -0.99926113137866 0.9106790877409527 -0.9992930246453943 -5 -36 Forward
4000.0 1/1 0.6281660722893823 -0.9905147408395538 0.7272942716648652 -0.9983737922858079 0.7809922595252956 -0.9984649194070332 0.7580221680158903 -0.9986036832144908 -5 -31 Forward
8000.0 1/1 0.4623848017227186 -0.9790849695881992 0.5036000117877127 -0.9975845650125233 0.5631741818813842 -0.9972104340926832 0.5036000117877127 -0.9975845650125233 -5 -25 Forward

One-third octave filtered data
80.0 1/3 1.3037540726947612 -0.9932242999244145 1.7917612719237972 -0.970801266818462 1.7807073526674913 -0.9904777292744391 1.8066877009936102 -0.9913054327047826 -5 -39 Forward
100.0 1/3 0.9974910130835918 -0.9685527752859199 1.645155314494377 -0.9669837353611079 1.4607079126025102 -0.9874417785884414 1.5074355347847883 -0.9907988303664464 -5 -43 Forward
125.0 1/3 1.421231408676559 -0.9844422139623856 1.4502559887433049 -0.9870696109162916 1.3312185201883182 -0.9934146189552491 1.3883740515044927 -0.9957599993107529 -5 -47 Forward
160.0 1/3 1.2587230357714716 -0.9762379254307185 1.1625711929961193 -0.9860315331169136 1.2943525690492625 -0.993040731903092 1.3682103281938232 -0.9970517876642223 -5 -49 Forward
200.0 1/3 1.7480960235756167 -0.980052370762993 1.1295244142728773 -0.9907502704053144 1.2524123925970145 -0.9936122914879868 1.226414980819305 -0.9973879970406025 -5 -47 Forward
250.0 1/3 1.3811795232425683 -0.994498325858752 1.1627661267469271 -0.9917503828514279 1.0742399796593487 -0.9957241005554296 1.057912596011816 -0.9982949609063649 -5 -51 Forward
315.0 1/3 0.7765678785807776 -0.9889568469300475 1.0252276413013246 -0.9651455877952915 1.1890755250646008 -0.9819147341077288 1.1920879288102186 -0.9968886608437129 -5 -60 Forward
400.0 1/3 0.935956021193752 -0.9903747754563678 0.8959604720616915 -0.9944732253886654 0.9552007906992636 -0.9960128000761604 0.9552007906992636 -0.9960128000761604 -5 -35 Forward
500.0 1/3 1.0122094147796443 -0.997825276365879 0.8517937934273654 -0.9945901167547314 0.9856238296252807 -0.993136298878945 1.0566237063361787 -0.9977607678004015 -5 -55 Forward
630.0 1/3 0.7376126697122406 -0.9869632670486002 0.8710826425484899 -0.9977290430969018 0.9434205346141059 -0.9970150457106948 0.9616872699983772 -0.998629803601076 -5 -46 Forward
800.0 1/3 1.0336418911853051 -0.9947270398110872 0.9180659155866455 -0.9982484172864797 0.9755075388677462 -0.9985585737946773 1.0226837223062328 -0.9991358843248644 -5 -52 Forward
1000.0 1/3 0.9905201732672911 -0.9904027281949009 0.905585454644014 -0.9916340267862331 0.9375621420649413 -0.9955577157858139 0.8975414472182317 -0.996494567653336 -5 -32 Forward
1250.0 1/3 1.0152503516930644 -0.99551493915692 0.9524667023179426 -0.9983134495220728 0.9460133021825624 -0.9991135299957412 0.9601606390963326 -0.9996400420269854 -5 -50 Forward
1600.0 1/3 0.7867010538533729 -0.9920143782612769 0.8552292238432857 -0.9975098187729 0.9037599614529886 -0.9981911528987537 0.9236027993414382 -0.998606728929805 -5 -41 Forward
2000.0 1/3 0.853185472766065 -0.9907699244831322 0.9047118960878349 -0.9966903984587694 0.9380452254337568 -0.9985285233786056 0.9778748634521047 -0.9989077730699317 -5 -47 Forward
2500.0 1/3 0.72752055709132 -0.9954972567925785 0.861524876157385 -0.9970775004549741 0.8903749995266611 -0.9984525850042149 0.9143736143563397 -0.9991174343248432 -5 -46 Forward
3150.0 1/3 0.6857654251411259 -0.9843429312310867 0.7473588975287881 -0.9987299228161182 0.7989616764687537 -0.9983587893209113 0.7650577788253481 -0.9990096563979123 -5 -30 Forward
4000.0 1/3 0.6333310466334324 -0.988446453149002 0.6755822148444225 -0.9964442207015436 0.7317994686248641 -0.9974297344106017 0.7579546595344043 -0.9981227547479373 -5 -42 Forward
5000.0 1/3 0.4892721848955637 -0.960454397764327 0.6848333776983859 -0.9967101441271363 0.6974475433851302 -0.9989469782191739 0.7023262247431094 -0.9992064621893576 -5 -38 Forward
6300.0 1/3 0.5206100049352377 -0.97659458675413 0.5285806445494552 -0.9973904033225666 0.5883558472290333 -0.997012210988066 0.5285806445494552 -0.9973904033225666 -5 -25 Forward
8000.0 1/3 0.43635162132436134 -0.9810181379291443 0.4574030773629765 -0.9981957679426358 0.48961917698467167 -0.9985351957856712 0.49495497573986225 -0.9986460641078779 -5 -37 Forward
10000.0 1/3 0.38853398547091433 -0.9564256152243691 0.3722422204075142 -0.9927900426990731 0.39444508054730554 -0.9971913010478343 0.40557064917986735 -0.9977545659230044 -5 -40 Forward

