RT60 data saved by REW V5.15
Source: D:\Documents\Workspace\Laboratories\AA\Project\Recordings\Z2M5.wav
Dated: Mar 29, 2016 3:45:58 PM
Measurement: Z2M5
Sweep level: -12.0 dBFS
Response measured over: 2.0 to 24,000.0 Hz
Peak value: 0.5310525894165039 at index 87775
Response length: 262144 samples
Sample interval: 2.0833333333333333E-5 seconds
Start time: -1.8286458333333333 seconds

Format is freq Hz, BW octaves, EDT s, r, T20 s, r, T30 s, r, Topt s, r, ToptStart dB, ToptEnd dB, reverse/forward filtered

Octave filtered data
63.0 1/1 5.948763151704807 -0.882169653442788 13.263935573786194 -0.9516373435219574 12.745304977256433 -0.9368906581485626 13.335920407489262 -0.9408588916811931 -9 -25 Forward
125.0 1/1 1.1478827534579372 -0.9809246383887991 1.2305067191124797 -0.9928150282162382 1.2517240592374839 -0.9963273180742311 1.2408757275298128 -0.9971926593785683 -5 -42 Forward
250.0 1/1 1.1492927591530253 -0.9888651100568393 0.981799862426348 -0.9949308718267347 1.0685907546615063 -0.9959696083484724 1.0792856795145997 -0.9980358714914914 -5 -44 Forward
500.0 1/1 0.8966295709736108 -0.9958588168178295 1.04302769551871 -0.9984252018585114 1.0011630255855022 -0.9991783184534525 1.015002015982701 -0.9996798850813874 -5 -60 Forward
1000.0 1/1 0.9805892083822961 -0.9949736842121651 0.9715727870607757 -0.9976508660189722 0.990976340010765 -0.9990187091477811 1.0020182844281518 -0.9994624592070325 -5 -43 Forward
2000.0 1/1 0.7683109935130833 -0.9974316234423577 0.9237166162620289 -0.9992061842084825 0.9754444776700435 -0.9990654833571837 0.9777160481443863 -0.9994028925615219 -5 -40 Forward
4000.0 1/1 0.7173952483705683 -0.9976272810030832 0.8080117042985728 -0.9993187061822253 0.8400719102273314 -0.999486110086168 0.8363781658873485 -0.9994908598922543 -5 -34 Forward
8000.0 1/1 0.5086688726496709 -0.9841120798102251 0.5376545232339587 -0.9987597291883236 0.5865428809500612 -0.9979876293225055 0.54457476674394 -0.9988696526916852 -5 -27 Forward

One-third octave filtered data
63.0 1/3 1.575113691536918 -0.956769396362237 NaN NaN NaN NaN NaN NaN -5 -5 Forward
80.0 1/3 1.7140226204926705 -0.9804829208747277 1.8798680706180335 -0.9863897179198076 NaN NaN 2.006743636639367 -0.9889395216266283 -5 -28 Forward
100.0 1/3 1.2225096522659715 -0.9822978839483497 1.2288967648695108 -0.9726872571659843 1.484138871183487 -0.9822226427683102 1.2213147687023507 -0.9862805173673365 -5 -28 Forward
125.0 1/3 1.0528467683762237 -0.9432090275132 1.1583644525656611 -0.9936797386311431 1.090416314034288 -0.9949095242586643 1.092627383593417 -0.9976327211139105 -5 -44 Forward
160.0 1/3 1.398413176481904 -0.9823208860344768 1.280157300407331 -0.9798978276547007 1.2646098652159456 -0.992657896003212 1.2641215321191583 -0.9952468197322982 -5 -39 Forward
200.0 1/3 1.2707607186101615 -0.9920402369263995 1.2628557997960492 -0.9961235331954988 1.2314883945544344 -0.9966979539518721 1.2159563137638127 -0.9983477618240026 -5 -51 Forward
250.0 1/3 1.2499353119205943 -0.9682527150470411 0.9156350231435706 -0.9919447572613207 1.1063307936967217 -0.988243336013707 1.1846005546484948 -0.9943374364152775 -5 -46 Forward
315.0 1/3 1.1233825294381128 -0.9909246874243469 0.9738966865163108 -0.9855258623213866 0.9336146896945872 -0.9953357505374505 0.9128677505014369 -0.9975838546197698 -5 -47 Forward
400.0 1/3 1.175494620600569 -0.9973434665371121 0.9161229030941177 -0.9941324757813583 0.9436064523907278 -0.9971837017168275 0.9773749134509182 -0.9986600707126827 -5 -53 Forward
500.0 1/3 0.8094820034037185 -0.9891818199531663 1.064852236424796 -0.9945247989028144 1.029126519474741 -0.9975535110807547 1.0479503218079727 -0.9992565705058262 -5 -60 Forward
630.0 1/3 0.8151720903261152 -0.9856165102859478 1.1069840208018282 -0.9940794343087997 1.0240334422066497 -0.9971251444216416 1.003715062745927 -0.9992630790928878 -5 -60 Forward
800.0 1/3 1.012093775443645 -0.9908053274830909 1.043161551033804 -0.9962946076035415 0.9858510631700778 -0.9976263275145728 1.0443580093647953 -0.9988151400333303 -5 -60 Forward
1000.0 1/3 0.978318130757047 -0.9852411844427713 0.9615259056181343 -0.9941377346137804 1.0114515451876656 -0.9973845982530115 1.0521138820060596 -0.9992617635328376 -5 -60 Forward
1250.0 1/3 1.0484544581884818 -0.9882042789006719 0.9326174206754558 -0.9979650045423843 0.9973320863520496 -0.9983702438824948 1.0281986802752816 -0.9989793078400876 -5 -46 Forward
1600.0 1/3 0.7964312857130771 -0.9947528375036956 0.9528901240548613 -0.9979910797999159 0.9774966800513739 -0.9991418909084365 0.9805230663746932 -0.9994344592909907 -5 -40 Forward
2000.0 1/3 0.7743088634491843 -0.9967342514362153 0.8631020277134834 -0.9987465719153681 0.9833703314062736 -0.9962965916883602 0.8631020277134834 -0.9987465719153681 -5 -25 Forward
2500.0 1/3 0.639622141399409 -0.9954035435449594 0.9579377610410119 -0.997655677871038 0.9411308477771085 -0.9988850934036829 0.9472183444912006 -0.9993904014508589 -5 -42 Forward
3150.0 1/3 0.7876066864719666 -0.9952254692390474 0.815810419513094 -0.9980186210645852 0.8499893938164216 -0.9987964092803475 0.8672672384522128 -0.9990757247912382 -5 -42 Forward
4000.0 1/3 0.6313677468530842 -0.9959419288592533 0.7558032623429639 -0.9992645449694005 0.7699190115293072 -0.9994528568435576 0.7560192718191456 -0.9996403952456456 -5 -31 Forward
5000.0 1/3 0.6941693407929368 -0.9932345076352649 0.6634155904571132 -0.9992436130457564 0.690190546692004 -0.9992988892194927 0.6704429196123936 -0.9994658844991388 -5 -29 Forward
6300.0 1/3 0.587358583562427 -0.9921264334500975 0.5790027275319097 -0.9993251477838393 0.6238142499147785 -0.9987731214553472 0.5790027275319097 -0.9993251477838393 -5 -25 Forward
8000.0 1/3 0.43336936939590676 -0.9746782909663119 0.4588889824527588 -0.9990107927696463 0.4894918552844727 -0.998626272144307 0.46524707647110425 -0.9991628635687244 -5 -28 Forward
10000.0 1/3 0.3964423847887464 -0.9607731336618563 0.4011911247057975 -0.9966321126275905 0.42176428059390547 -0.998238971976097 0.44439616259723436 -0.9986298591512478 -5 -50 Forward

