RT60 data saved by REW V5.15
Source: D:\Documents\Workspace\Laboratories\AA\Project\Recordings\Z2M6.wav
Dated: Mar 29, 2016 3:49:49 PM
Measurement: Z2M6
Sweep level: -12.0 dBFS
Response measured over: 2.0 to 24,000.0 Hz
Peak value: 0.2533951699733734 at index 120940
Response length: 262144 samples
Sample interval: 2.0833333333333333E-5 seconds
Start time: -2.5195833333333333 seconds

Format is freq Hz, BW octaves, EDT s, r, T20 s, r, T30 s, r, Topt s, r, ToptStart dB, ToptEnd dB, reverse/forward filtered

Octave filtered data
63.0 1/1 19.19188707509112 -0.9132935358498273 9.396704618409471 -0.9471034314640072 8.701303717578115 -0.9139796690767283 9.396704618409471 -0.9471034314640072 -5 -25 Forward
125.0 1/1 1.3927357267556828 -0.9893926560067252 1.1309664023598383 -0.9957609537156432 3.2820967492762736 -0.8805470165826923 2.122431672315723 -0.9813112672631559 -21 -31 Forward
250.0 1/1 0.997579029281227 -0.990379494860565 1.0343221411470553 -0.9915698053157045 1.0987808386530418 -0.996337773448277 1.080171847222229 -0.9965479924481299 -5 -34 Forward
500.0 1/1 0.9172286623474819 -0.9946037362366816 0.9866654419095591 -0.9986313308233455 1.0193155663456976 -0.9990334944826418 1.0274995042339607 -0.999307511081688 -5 -49 Forward
1000.0 1/1 0.8743238315287903 -0.995117606308432 0.9278509664670571 -0.9984258299654823 0.9853353537823953 -0.9986088637160129 1.0102397765808742 -0.9992990006452332 -5 -49 Forward
2000.0 1/1 0.8494132446600806 -0.996025687345689 0.932501925494371 -0.9994662053549627 0.9444253158811856 -0.9996991048293622 0.9470859619583291 -0.999710352250359 -5 -36 Forward
4000.0 1/1 0.7295286529536341 -0.9969914713094874 0.8057728388137697 -0.9992012412387119 0.8407643526435029 -0.9992683457785124 0.8274267372176565 -0.9993903327167477 -5 -32 Forward
8000.0 1/1 0.5595481827825127 -0.9835105689574345 0.5282398367497174 -0.99751841188446 0.5979779640390992 -0.9959882164653674 0.5352029232058493 -0.9979697036560985 -5 -27 Forward

One-third octave filtered data
63.0 1/3 3.6345058562579133 -0.9431572109004457 9.73308502447722 -0.9803582584621205 8.825384720505571 -0.9433151550509434 9.876560950860732 -0.97965350112431 -8 -25 Forward
80.0 1/3 1.8043252012505582 -0.9937646546169558 8.197782902156328 -0.9227192958767754 8.18997876807136 -0.9464391538641337 10.59535766072161 -0.982875786721642 -13 -28 Forward
100.0 1/3 1.3731746200706219 -0.9723571024196731 1.3766279748580124 -0.991754165131311 1.4950550237078795 -0.9945554101969528 1.4553729715214885 -0.9960638536634455 -5 -41 Forward
125.0 1/3 1.2462971730620935 -0.9680912681621308 1.2651576802768922 -0.9865856429373493 3.63950801292484 -0.8761064109668761 2.1583028822418955 -0.953378955147335 -20 -31 Forward
160.0 1/3 1.550580282886842 -0.9587000063830393 1.0145230214551537 -0.9912071525719791 1.579131225953866 -0.9717113895396075 1.0913296846494085 -0.991950189869978 -5 -28 Forward
200.0 1/3 1.1597848342474837 -0.9851277430318129 1.0300551877184096 -0.9880781984882988 1.2084829523295102 -0.9907514756161682 1.0790436989779333 -0.9921380464787771 -5 -30 Forward
250.0 1/3 1.2736637626062328 -0.9815533793680774 1.0476029775202051 -0.9888126807830343 1.0992921691927784 -0.9945282806513703 1.0737502168564375 -0.9953278885224909 -5 -34 Forward
315.0 1/3 0.7975084519133263 -0.9828211480684572 0.9772325265262803 -0.9757592841633596 1.0526948692885023 -0.9894608423200444 1.0965041039667847 -0.9941244706851787 -5 -43 Forward
400.0 1/3 0.9983609913906129 -0.9850587557546739 0.9801272307898395 -0.9958346470067679 1.0371858307313846 -0.9979598478439206 1.0394921021732328 -0.9980114854441738 -5 -36 Forward
500.0 1/3 1.0955488224069918 -0.9709591613848427 1.1233167610655908 -0.995898749941192 1.069490860560709 -0.9956311925524476 1.1295652739867714 -0.9969366187828391 -5 -29 Forward
630.0 1/3 0.7725569792218392 -0.9953426508346108 0.9587387953971583 -0.9929066420585676 0.9547886046110635 -0.996078636293268 0.9684651011808032 -0.9969864305932812 -5 -39 Forward
800.0 1/3 0.8063163550902733 -0.9832426868168811 0.8974277097140966 -0.996205087397767 1.0100491397523654 -0.9960534509315243 1.035547673402184 -0.9973928203386169 -5 -42 Forward
1000.0 1/3 0.8701016650958697 -0.9970551149691885 0.9498805921631718 -0.9958480423385345 0.977130620110064 -0.9981340801072243 0.9903317289377842 -0.9987983031355988 -5 -41 Forward
1250.0 1/3 1.064431594428488 -0.9948875523837192 0.9553204255480898 -0.9967521365856262 0.9931633771086806 -0.9985788242973695 1.0182781388481499 -0.999025742482849 -5 -44 Forward
1600.0 1/3 0.9276510400195801 -0.9982562664586352 0.9461614323658442 -0.9980566265854813 0.9826644914569901 -0.9986662335254097 0.953496950821516 -0.9987768161308207 -5 -30 Forward
2000.0 1/3 0.7955973877767748 -0.9871358230273114 0.8976024035125613 -0.9986085626362574 0.9041978558498069 -0.9993278352340017 0.9050038029448065 -0.999499682245465 -5 -38 Forward
2500.0 1/3 0.7886749526268825 -0.9914935528434219 0.9339359948286736 -0.9986732621368285 0.9260199062267981 -0.9994759086548507 0.9287548722004495 -0.9996272584646728 -5 -42 Forward
3150.0 1/3 0.7887142188427756 -0.9941391884726853 0.8374203451295512 -0.9984924538066798 0.8704761707167921 -0.9991119706122107 0.873164262770931 -0.9991919642224001 -5 -36 Forward
4000.0 1/3 0.6741332888656938 -0.989962757158316 0.742815253224927 -0.9994225777308278 0.7737171339331534 -0.9992900524069485 0.7522170275518247 -0.9995053276666971 -5 -29 Forward
5000.0 1/3 0.681172055706861 -0.9843558568126007 0.6579822404280011 -0.9990838373698935 0.7100811647699891 -0.9984351644928775 0.6579822404280011 -0.9990838373698935 -5 -25 Forward
6300.0 1/3 0.5877832866467898 -0.9704475756676918 0.581925404528569 -0.9987211391304028 0.6354990588254412 -0.9978630851902143 0.5927905153889047 -0.9989579234849404 -5 -28 Forward
8000.0 1/3 0.5441518505743791 -0.9907231854056422 0.4432470536660712 -0.9976452485099906 0.48521715572913404 -0.9971384785870607 0.4576850095936248 -0.9982061725960183 -5 -30 Forward
10000.0 1/3 0.5079851204042121 -0.9845600599260955 0.37860471926823586 -0.9970504880123504 0.40646200453098286 -0.9979261870757669 0.39206129310452975 -0.9981748324515112 -5 -31 Forward

